name: RL3
channels:
  - conda-forge
  - defaults
dependencies:
  - _libgcc_mutex=0.1=conda_forge
  - _openmp_mutex=4.5=2_kmp_llvm
  - abseil-cpp=20211102.0=h27087fc_1
  - absl-py=2.1.0=pyhd8ed1ab_0
  - bzip2=1.0.8=hd590300_5
  - c-ares=1.28.1=hd590300_0
  - ca-certificates=2024.2.2=hbcca054_0
  - cached-property=1.5.2=hd8ed1ab_1
  - cached_property=1.5.2=pyha770c72_1
  - cffi=1.16.0=py310h2fee648_0
  - cloudpickle=3.0.0=pyhd8ed1ab_0
  - colorama=0.4.6=pyhd8ed1ab_0
  - farama-notifications=0.0.4=pyhd8ed1ab_0
  - grpc-cpp=1.48.2=he1ff14a_1
  - grpcio=1.48.2=py310he1ff14a_1
  - gymnasium=0.29.1=py310h17c5347_1
  - h5py=3.10.0=nompi_py310h65828d5_101
  - hdf5=1.14.3=nompi_h4f84152_100
  - icu=73.2=h59595ed_0
  - importlib-metadata=7.1.0=pyha770c72_0
  - jax-jumpy=1.0.0=pyhd8ed1ab_0
  - keyutils=1.6.1=h166bdaf_0
  - krb5=1.21.2=h659d440_0
  - ld_impl_linux-64=2.40=h41732ed_0
  - libaec=1.1.3=h59595ed_0
  - libblas=3.9.0=21_linux64_openblas
  - libcblas=3.9.0=21_linux64_openblas
  - libcurl=8.7.1=hca28451_0
  - libedit=3.1.20191231=he28a2e2_2
  - libev=4.33=hd590300_2
  - libffi=3.4.2=h7f98852_5
  - libgcc-ng=13.2.0=h807b86a_5
  - libgfortran-ng=13.2.0=h69a702a_5
  - libgfortran5=13.2.0=ha4646dd_5
  - libhwloc=2.9.3=default_h554bfaf_1009
  - libiconv=1.17=hd590300_2
  - liblapack=3.9.0=21_linux64_openblas
  - libllvm14=14.0.6=hcd5def8_4
  - libnghttp2=1.58.0=h47da74e_1
  - libnsl=2.0.1=hd590300_0
  - libopenblas=0.3.26=pthreads_h413a1c8_0
  - libprotobuf=3.20.3=h3eb15da_0
  - libsqlite=3.45.2=h2797004_0
  - libssh2=1.11.0=h0841786_0
  - libstdcxx-ng=13.2.0=h7e041cc_5
  - libuuid=2.38.1=h0b41bf4_0
  - libxcrypt=4.4.36=hd590300_1
  - libxml2=2.12.6=h232c23b_1
  - libzlib=1.2.13=hd590300_5
  - llvm-openmp=18.1.2=h4dfa4b3_0
  - llvmlite=0.42.0=py310h1b8f574_1
  - markdown=3.6=pyhd8ed1ab_0
  - markupsafe=2.1.5=py310h2372a71_0
  - mkl=2022.2.1=h84fe81f_16997
  - ncurses=6.4.20240210=h59595ed_0
  - ninja=1.11.1=h924138e_0
  - numba=0.59.1=py310h7dc5dd1_0
  - numpy=1.26.4=py310hb13e2d6_0
  - openssl=3.2.1=hd590300_1
  - packaging=24.0=pyhd8ed1ab_0
  - pip=24.0=pyhd8ed1ab_0
  - protobuf=3.20.3=py310heca2aa9_1
  - pycparser=2.22=pyhd8ed1ab_0
  - python=3.10.14=hd12c33a_0_cpython
  - python_abi=3.10=4_cp310
  - pytorch=1.12.1=cpu_py310h75c9ab6_0
  - re2=2022.04.01=h27087fc_0
  - readline=8.2=h8228510_1
  - setuptools=69.2.0=pyhd8ed1ab_0
  - six=1.16.0=pyh6c4a22f_0
  - sleef=3.5.1=h9b69904_2
  - tbb=2021.11.0=h00ab1b0_1
  - tensorboard=2.16.2=pyhd8ed1ab_0
  - tensorboard-data-server=0.7.0=py310h75e40e8_1
  - tianshou=0.5.0=pyhd8ed1ab_0
  - tk=8.6.13=noxft_h4845f30_101
  - tqdm=4.66.2=pyhd8ed1ab_0
  - typing_extensions=4.11.0=pyha770c72_0
  - tzdata=2024a=h0c530f3_0
  - werkzeug=3.0.2=pyhd8ed1ab_0
  - wheel=0.43.0=pyhd8ed1ab_1
  - xz=5.2.6=h166bdaf_0
  - zipp=3.17.0=pyhd8ed1ab_0
  - zlib=1.2.13=hd590300_5
  - zstd=1.5.5=hfc55251_0
  - pip:
      - annotated-types==0.7.0
      - blis==0.7.11
      - catalogue==2.0.10
      - certifi==2024.2.2
      - charset-normalizer==3.3.2
      - click==8.1.7
      - cloudpathlib==0.16.0
      - confection==0.1.4
      - cymem==2.0.8
      - hashids==1.3.1
      - idna==3.7
      - jericho==3.2.0
      - jinja2==3.1.4
      - langcodes==3.4.0
      - language-data==1.2.0
      - marisa-trie==1.1.1
      - mementos==1.3.1
      - more-itertools==10.2.0
      - murmurhash==1.0.10
      - networkx==3.3
      - preshed==3.0.9
      - prompt-toolkit==3.0.43
      - pydantic==2.7.1
      - pydantic-core==2.18.2
      - requests==2.32.2
      - smart-open==6.4.0
      - spacy==3.7.4
      - spacy-legacy==3.0.12
      - spacy-loggers==1.0.5
      - srsly==2.4.8
      - tatsu==5.8.3
      - termcolor==2.4.0
      - textworld==1.6.1
      - thinc==8.2.3
      - typer==0.9.4
      - urllib3==2.2.1
      - wasabi==1.1.2
      - wcwidth==0.2.13
      - weasel==0.3.4
prefix: /home/student.unimelb.edu.au/rarabsheiban/anaconda3/envs/RL3
